django: 0.7552971839904785
sqlalchemy: 1.1155667304992676
tortoise: 5.935590982437134
django: 0.7717785835266113
sqlalchemy: 0.9744443893432617
tortoise: 5.760740041732788
django: 0.7436692714691162
sqlalchemy: 1.0093791484832764
tortoise: 5.7012553215026855
django: 0.7781693935394287
sqlalchemy: 0.9610264301300049
tortoise: 5.671524524688721
